 StandNo MgmProgram Period TreatmentCode,Treatment, Age Height Stems Diameter m3Vol m3Pine m3Spruce m3Deciduousm3Harvest CostSilviculture CostHarvest
 550282030   1   1   1 NM  29  10.0   581  13.7    34    24     2     8     0         0         0
 550282030   1   2   1 NM  34  12.0   627  14.1    39    27     2    10     0         0         0
 550282030   1   3   1 NM  39  14.0   671  14.5    44    31     3    11     0         0         0
 550282030   1   4   1 NM  44  16.0   714  15.0    50    35     3    12     0         0         0
 550282030   1   5   1 NM  49  18.0   757  15.5    57    39     4    14     0         0         0
 550282030   1   6   1 NM  54  20.0   798  16.1    65    45     4    16     0         0         0
 550282030   1   7   1 NM  59  22.0   838  16.7    73    51     5    18     0         0         0
 550282030   1   8   1 NM  64  24.0   877  17.3    83    57     5    20     0         0         0
 550282030   1   9   1 NM  69  26.0   915  18.0    94    65     6    23     0         0         0
 550282030   1  10   1 NM  74  28.0   952  18.8   106    73     7    26     0         0         0
 550282030   1   1   1 NM  29  10.0   581  13.7    34    24     2     8     0         0         0
 550282030   1   2   1 NM  34  12.0   627  14.1    39    27     2    10     0         0         0
 550282030   1   3   1 NM  39  14.0   671  14.5    44    31     3    11     0         0         0
 550282030   1   4   1 NM  44  16.0   714  15.0    50    35     3    12     0         0         0
 550282030   1   5   1 NM  49  18.0   757  15.5    57    39     4    14     0         0         0
 550282030   1   6   1 NM  54  20.0   798  16.1    65    45     4    16     0         0         0
 550282030   1   7   1 NM  59  22.0   838  16.7    73    51     5    18     0         0         0
 550282030   1   8   1 NM  64  24.0   877  17.3    83    57     5    20     0         0         0
 550282030   1   9   1 NM  69  26.0   915  18.0    94    65     6    23     0         0         0
 550282030   1  10   3 FF  74  28.0   952  18.8   106    73     7    26   106     12000      9523
 550282030   1   1   1 NM  29  10.0   581  13.7    34    24     2     8     0         0         0
 550282030   1   2   1 NM  34  12.0   627  14.1    39    27     2    10     0         0         0
 550282030   1   3   1 NM  39  14.0   671  14.5    44    31     3    11     0         0         0
 550282030   1   4   1 NM  44  16.0   714  15.0    50    35     3    12     0         0         0
 550282030   1   5   1 NM  49  18.0   757  15.5    57    39     4    14     0         0         0
 550282030   1   6   1 NM  54  20.0   798  16.1    65    45     4    16     0         0         0
 550282030   1   7   1 NM  59  22.0   838  16.7    73    51     5    18     0         0         0
 550282030   1   8   1 NM  64  24.0   877  17.3    83    57     5    20     0         0         0
 550282030   1   9   3 FF  69  26.0   915  18.0    94    65     6    23    94     12000      8427
 550282030   1  10   5 IP   5   0.0     0   0.0     0     0     0     0     0         0         0
 550282030  12   1   1 NM  29  10.0   581  13.7    34    24     2     8     0         0         0
 550282030  12   2   1 NM  34  12.0   627  14.1    39    27     2    10     0         0         0
 550282030  12   3   1 NM  39  14.0   671  14.5    44    31     3    11     0         0         0
 550282030  12   4   1 NM  44  16.0   714  15.0    50    35     3    12     0         0         0
 550282030  12   5   1 NM  49  18.0   757  15.5    57    39     4    14     0         0         0
 550282030  12   6   1 NM  54  20.0   798  16.1    65    45     4    16     0         0         0
 550282030  12   7   1 NM  59  22.0   838  16.7    73    51     5    18     0         0         0
 550282030  12   8   1 NM  64  24.0   877  17.3    83    57     5    20     0         0         0
 550282030  12   9   3 FF  69  26.0   915  18.0    94    65     6    23    94     12000      8427
 550282030  12  10   6 IP   5   0.0     0   0.0     0     0     0     0     0         0         0
 550282030   1   1   1 NM  29  10.0   581  13.7    34    24     2     8     0         0         0
 550282030   1   2   1 NM  34  12.0   627  14.1    39    27     2    10     0         0         0
 550282030   1   3   1 NM  39  14.0   671  14.5    44    31     3    11     0         0         0
 550282030   1   4   1 NM  44  16.0   714  15.0    50    35     3    12     0         0         0
 550282030   1   5   1 NM  49  18.0   757  15.5    57    39     4    14     0         0         0
 550282030   1   6   1 NM  54  20.0   798  16.1    65    45     4    16     0         0         0
 550282030   1   7   1 NM  59  22.0   838  16.7    73    51     5    18     0         0         0
 550282030   1   8   3 FF  64  24.0   877  17.3    83    57     5    20    83     12000      7453
 550282030   1   9   5 IP   5   0.0     0   0.0     0     0     0     0     0         0         0
 550282030   1  10   1 NM  10   2.9  3370   0.0     0     0     0     0     0         0         0
 550282030  12   1   1 NM  29  10.0   581  13.7    34    24     2     8     0         0         0
 550282030  12   2   1 NM  34  12.0   627  14.1    39    27     2    10     0         0         0
 550282030  12   3   1 NM  39  14.0   671  14.5    44    31     3    11     0         0         0
 550282030  12   4   1 NM  44  16.0   714  15.0    50    35     3    12     0         0         0
 550282030  12   5   1 NM  49  18.0   757  15.5    57    39     4    14     0         0         0
 550282030  12   6   1 NM  54  20.0   798  16.1    65    45     4    16     0         0         0
 550282030  12   7   1 NM  59  22.0   838  16.7    73    51     5    18     0         0         0
 550282030  12   8   3 FF  64  24.0   877  17.3    83    57     5    20    83     12000      7453
 550282030  12   9   5 IP   5   0.0     0   0.0     0     0     0     0     0         0         0
 550282030  12  10   2 Cl  10   2.9  3370   0.0     0     0     0     0     0         0         0
 550282030   1   1   1 NM  29  10.0   581  13.7    34    24     2     8     0         0         0
 550282030   1   2   1 NM  34  12.0   627  14.1    39    27     2    10     0         0         0
 550282030   1   3   1 NM  39  14.0   671  14.5    44    31     3    11     0         0         0
 550282030   1   4   1 NM  44  16.0   714  15.0    50    35     3    12     0         0         0
 550282030   1   5   1 NM  49  18.0   757  15.5    57    39     4    14     0         0         0
 550282030   1   6   1 NM  54  20.0   798  16.1    65    45     4    16     0         0         0
 550282030   1   7   1 NM  59  22.0   838  16.7    73    51     5    18     0         0         0
 550282030   1   8   3 FF  64  24.0   877  17.3    83    57     5    20    83     12000      7453
 550282030   1   9   6 IP   5   0.0     0   0.0     0     0     0     0     0         0         0
 550282030   1  10   1 NM  10   2.8  2346   0.0     0     0     0     0     0         0         0
 550282030  12   1   1 NM  29  10.0   581  13.7    34    24     2     8     0         0         0
 550282030  12   2   1 NM  34  12.0   627  14.1    39    27     2    10     0         0         0
 550282030  12   3   1 NM  39  14.0   671  14.5    44    31     3    11     0         0         0
 550282030  12   4   1 NM  44  16.0   714  15.0    50    35     3    12     0         0         0
 550282030  12   5   1 NM  49  18.0   757  15.5    57    39     4    14     0         0         0
 550282030  12   6   1 NM  54  20.0   798  16.1    65    45     4    16     0         0         0
 550282030  12   7   1 NM  59  22.0   838  16.7    73    51     5    18     0         0         0
 550282030  12   8   3 FF  64  24.0   877  17.3    83    57     5    20    83     12000      7453
 550282030  12   9   6 IP   5   0.0     0   0.0     0     0     0     0     0         0         0
 550282030  12  10   2 Cl  10   2.8  2346   0.0     0     0     0     0     0         0         0
 550282030   1   1   1 NM  29  10.0   581  13.7    34    24     2     8     0         0         0
 550282030   1   2   1 NM  34  12.0   627  14.1    39    27     2    10     0         0         0
 550282030   1   3   1 NM  39  14.0   671  14.5    44    31     3    11     0         0         0
 550282030   1   4   1 NM  44  16.0   714  15.0    50    35     3    12     0         0         0
 550282030   1   5   1 NM  49  18.0   757  15.5    57    39     4    14     0         0         0
 550282030   1   6   1 NM  54  20.0   798  16.1    65    45     4    16     0         0         0
 550282030   1   7   3 FF  59  22.0   838  16.7    73    51     5    18    73     12000      6587
 550282030   1   8   5 IP   5   0.0     0   0.0     0     0     0     0     0         0         0
 550282030   1   9   1 NM  10   2.9  3370   0.0     0     0     0     0     0         0         0
 550282030   1  10   1 NM  15   2.9  3370   0.0     0     0     0     0     0         0         0
 550282030  12   1   1 NM  29  10.0   581  13.7    34    24     2     8     0         0         0
 550282030  12   2   1 NM  34  12.0   627  14.1    39    27     2    10     0         0         0
 550282030  12   3   1 NM  39  14.0   671  14.5    44    31     3    11     0         0         0
 550282030  12   4   1 NM  44  16.0   714  15.0    50    35     3    12     0         0         0
 550282030  12   5   1 NM  49  18.0   757  15.5    57    39     4    14     0         0         0
 550282030  12   6   1 NM  54  20.0   798  16.1    65    45     4    16     0         0         0
 550282030  12   7   3 FF  59  22.0   838  16.7    73    51     5    18    73     12000      6587
 550282030  12   8   5 IP   5   0.0     0   0.0     0     0     0     0     0         0         0
 550282030  12   9   1 NM  10   2.9  3370   0.0     0     0     0     0     0         0         0
 550282030  12  10   2 Cl  15   2.9  3370   0.0     0     0     0     0     0         0         0
 550282030   1   1   1 NM  29  10.0   581  13.7    34    24     2     8     0         0         0
 550282030   1   2   1 NM  34  12.0   627  14.1    39    27     2    10     0         0         0
 550282030   1   3   1 NM  39  14.0   671  14.5    44    31     3    11     0         0         0
 550282030   1   4   1 NM  44  16.0   714  15.0    50    35     3    12     0         0         0
 550282030   1   5   1 NM  49  18.0   757  15.5    57    39     4    14     0         0         0
 550282030   1   6   1 NM  54  20.0   798  16.1    65    45     4    16     0         0         0
 550282030   1   7   3 FF  59  22.0   838  16.7    73    51     5    18    73     12000      6587
 550282030   1   8   5 IP   5   0.0     0   0.0     0     0     0     0     0         0         0
 550282030   1   9   2 Cl  10   2.9  3370   0.0     0     0     0     0     0         0         0
 550282030   1  10   1 NM  15   2.9  1500   0.0     0     0     0     0     0         0         0
 550282030   1   1   1 NM  29  10.0   581  13.7    34    24     2     8     0         0         0
 550282030   1   2   1 NM  34  12.0   627  14.1    39    27     2    10     0         0         0
 550282030   1   3   1 NM  39  14.0   671  14.5    44    31     3    11     0         0         0
 550282030   1   4   1 NM  44  16.0   714  15.0    50    35     3    12     0         0         0
 550282030   1   5   1 NM  49  18.0   757  15.5    57    39     4    14     0         0         0
 550282030   1   6   1 NM  54  20.0   798  16.1    65    45     4    16     0         0         0
 550282030   1   7   3 FF  59  22.0   838  16.7    73    51     5    18    73     12000      6587
 550282030   1   8   6 IP   5   0.0     0   0.0     0     0     0     0     0         0         0
 550282030   1   9   1 NM  10   2.8  2346   0.0     0     0     0     0     0         0         0
 550282030   1  10   1 NM  15   2.8  2346   0.0     0     0     0     0     0         0         0
 550282030  12   1   1 NM  29  10.0   581  13.7    34    24     2     8     0         0         0
 550282030  12   2   1 NM  34  12.0   627  14.1    39    27     2    10     0         0         0
 550282030  12   3   1 NM  39  14.0   671  14.5    44    31     3    11     0         0         0
 550282030  12   4   1 NM  44  16.0   714  15.0    50    35     3    12     0         0         0
 550282030  12   5   1 NM  49  18.0   757  15.5    57    39     4    14     0         0         0
 550282030  12   6   1 NM  54  20.0   798  16.1    65    45     4    16     0         0         0
 550282030  12   7   3 FF  59  22.0   838  16.7    73    51     5    18    73     12000      6587
 550282030  12   8   6 IP   5   0.0     0   0.0     0     0     0     0     0         0         0
 550282030  12   9   1 NM  10   2.8  2346   0.0     0     0     0     0     0         0         0
 550282030  12  10   2 Cl  15   2.8  2346   0.0     0     0     0     0     0         0         0
 550282030   1   1   1 NM  29  10.0   581  13.7    34    24     2     8     0         0         0
 550282030   1   2   1 NM  34  12.0   627  14.1    39    27     2    10     0         0         0
 550282030   1   3   1 NM  39  14.0   671  14.5    44    31     3    11     0         0         0
 550282030   1   4   1 NM  44  16.0   714  15.0    50    35     3    12     0         0         0
 550282030   1   5   1 NM  49  18.0   757  15.5    57    39     4    14     0         0         0
 550282030   1   6   1 NM  54  20.0   798  16.1    65    45     4    16     0         0         0
 550282030   1   7   3 FF  59  22.0   838  16.7    73    51     5    18    73     12000      6587
 550282030   1   8   6 IP   5   0.0     0   0.0     0     0     0     0     0         0         0
 550282030   1   9   2 Cl  10   2.8  2346   0.0     0     0     0     0     0         0         0
 550282030   1  10   1 NM  15   2.8  1500   0.0     0     0     0     0     0         0         0
 550282030   1   1   1 NM  29  10.0   581  13.7    34    24     2     8     0         0         0
 550282030   1   2   1 NM  34  12.0   627  14.1    39    27     2    10     0         0         0
 550282030   1   3   1 NM  39  14.0   671  14.5    44    31     3    11     0         0         0
 550282030   1   4   1 NM  44  16.0   714  15.0    50    35     3    12     0         0         0
 550282030   1   5   4 Th  49  18.0   757  15.5    57    39     4    14    16         0      1455
 550282030   1   6   1 NM  54  20.0   436  18.4    46    33     2    12     0         0         0
 550282030   1   7   1 NM  59  22.0   485  18.6    53    38     2    13     0         0         0
 550282030   1   8   1 NM  64  24.0   533  18.9    60    43     2    15     0         0         0
 550282030   1   9   1 NM  69  26.0   580  19.3    68    48     2    17     0         0         0
 550282030   1  10   1 NM  74  28.0   625  19.8    77    55     3    19     0         0         0
 550282030   1   1   1 NM  29  10.0   581  13.7    34    24     2     8     0         0         0
 550282030   1   2   1 NM  34  12.0   627  14.1    39    27     2    10     0         0         0
 550282030   1   3   1 NM  39  14.0   671  14.5    44    31     3    11     0         0         0
 550282030   1   4   4 Th  44  16.0   714  15.0    50    35     3    12    14         0      1282
 550282030   1   5   1 NM  49  18.0   404  18.0    41    29     1    10     0         0         0
 550282030   1   6   1 NM  54  20.0   454  18.1    47    33     2    12     0         0         0
 550282030   1   7   1 NM  59  22.0   502  18.3    53    38     2    13     0         0         0
 550282030   1   8   1 NM  64  24.0   550  18.6    60    43     2    15     0         0         0
 550282030   1   9   1 NM  69  26.0   596  19.0    68    48     2    17     0         0         0
 550282030   1  10   1 NM  74  28.0   641  19.5    77    55     3    19     0         0         0
 610543120   1   1   1 NM   6   0.0  1169   0.0     0     0     0     0     0         0         0
 610543120   1   2   1 NM  11   0.0  1169   0.0     0     0     0     0     0         0         0
 610543120   1   3   1 NM  16   0.0  1169   0.0     0     0     0     0     0         0         0
 610543120   1   4   1 NM  21  10.0  1169   8.0    24     0    18     5     0         0         0
 610543120   1   5   1 NM  26  12.0  1200   8.5    27     0    21     6     0         0         0
 610543120   1   6   1 NM  31  14.0  1230   8.9    31     0    24     7     0         0         0
 610543120   1   7   1 NM  36  16.0  1259   9.4    35     0    27     8     0         0         0
 610543120   1   8   1 NM  41  18.0  1288   9.9    40     0    31     9     0         0         0
 610543120   1   9   1 NM  46  20.0  1316  10.5    45     0    35    10     0         0         0
 610543120   1  10   1 NM  51  22.0  1343  11.1    52     0    40    11     0         0         0
